method: lwr
k_neighbors: 474
lookback: 10
decay_rate: -1.5782308755982235
ratio: 0.2427323158073047
# Candidates 474, lookback 10, decay -1.5782308755982235, ratio 0.2427323158073047: mean 3560.98, std 42.15

