method: lwr
k_neighbors: 249
lookback: 45
decay_rate: -1.008536202631682
ratio: 0.537323574152758
  # [I 2024-12-03 17:00:56,697] Trial 6 finished with value: 2818.7885317423475 and parameters: {'k_neighbors': 249, 'lookback': 45, 'decay_rate': -1.008536202631682, 'ratio': 0.537323574152758}. Best is trial 3 with value: 3331.6983193610886.
