method: lwr
k_neighbors: 604
lookback: 4
decay_rate: -0.9544875987432638
ratio: 0.07919198919032225
# Candidates 604, lookback 4, decay -0.9544875987432638, ratio 0.07919198919032225: mean 2951.65, std 916.14

