method: lwr
k_neighbors: 732
lookback: 11
decay_rate: -0.002190720982379551
ratio: 0.5276841322874066
# Candidates 732, lookback 11, decay -0.002190720982379551, ratio 0.5276841322874066: mean 952.8506988395685, std 53.246563448238575
