method: lwr
k_neighbors: 985
lookback: 18
decay_rate: -2.961072498810886
ratio: 0.06536177132674031
  # Candidates 985, lookback 18, decay -2.961072498810886, ratio 0.06536177132674031: mean 3541.94, std 195.76
