method: lwr
k_neighbors: 875
lookback: 5
decay_rate: -0.8517430677180704
ratio: 0.2550373273434353
# [I 2024-12-03 19:39:18,506] Trial 51 finished with value: 2472.5487539765727 and parameters: {'k_neighbors': 875, 'lookback': 5, 'decay_rate': -0.8517430677180704, 'ratio': 0.2550373273434353}. Best is trial 51 with value: 2472.5487539765727.

