method: lwr
k_neighbors: 699
lookback: 11
decay_rate: -1.372336068876336
ratio: 0.21752970719729298
# Candidates 699, lookback 11, decay -1.372336068876336, ratio 0.21752970719729298: mean 3558.79, std 71.65

